44.666666666666664
62.666666666666664
58.333333333333336
60.0
42.0
54.0
28.333333333333332
63.0
70.0
82.0
71.33333333333333
81.66666666666667
83.33333333333333
76.66666666666667
60.666666666666664
78.33333333333333
69.0
66.0
73.33333333333333
52.0
49.666666666666664
47.666666666666664
66.33333333333333
33.666666666666664
75.66666666666667
50.333333333333336
66.33333333333333
81.66666666666667
77.0
82.0
65.0
67.66666666666667
61.666666666666664
60.666666666666664
50.333333333333336
70.33333333333333
35.333333333333336
68.0
73.0
55.666666666666664
48.0
71.33333333333333
52.0
68.0
86.66666666666667
74.33333333333333
74.0
42.0
79.33333333333333
86.33333333333333
63.666666666666664
49.0
45.333333333333336
71.33333333333333
64.66666666666667
46.333333333333336
49.333333333333336
45.666666666666664
56.666666666666664
55.0
46.0
71.66666666666667
51.666666666666664
59.0
52.0
83.66666666666667
71.0
62.0
61.0
61.333333333333336
62.333333333333336
35.333333333333336
52.0
41.666666666666664
65.33333333333333
59.0
58.333333333333336
55.666666666666664
68.33333333333333
50.666666666666664
74.33333333333333
71.33333333333333
63.666666666666664
47.333333333333336
43.0
65.66666666666667
75.0
56.333333333333336
69.33333333333333
52.0
80.0
57.666666666666664
63.0
78.33333333333333
58.666666666666664
63.666666666666664
73.33333333333333
70.33333333333333
61.333333333333336
66.66666666666667
55.666666666666664
59.0
47.333333333333336
52.333333333333336
37.333333333333336
71.0
86.0
54.333333333333336
71.66666666666667
72.0
56.0
55.333333333333336
52.0
60.333333333333336
66.66666666666667
48.666666666666664
73.0
58.333333333333336
86.33333333333333
80.0
63.0
45.666666666666664
53.666666666666664
88.33333333333333
52.333333333333336
48.666666666666664
54.666666666666664
79.66666666666667
53.333333333333336
69.0
57.333333333333336
63.333333333333336
70.66666666666667
65.0
59.666666666666664
57.0
51.666666666666664
57.0
58.666666666666664
67.0
67.0
44.666666666666664
57.333333333333336
32.666666666666664
60.22222222222222 60.583333333333336 63.861111111111114